==============================================
              DIGITAL CLOCK
==============================================
Time            Hours   Minutes Seconds
----------------------------------------------
60              0       0       1
110             0       0       2
160             0       0       3
210             0       0       4
260             0       0       5
310             0       0       6
360             0       0       7
410             0       0       8
460             0       0       9
510             0       0       10
560             0       0       11
610             0       0       12
==============================================
          SIMULATION COMPLETED
==============================================